[app/ui]
version = 8.2.6
modtime = 1658547993.379345900

[app/launcher]
version = 8.2.6
modtime = 1658547993.412398000

[views/bigbasket_product_management]
owner = admin
version = 9.0.1
modtime = 1667371158.725758800
